0.07774076797068119
0.0716932094655931
0.05435868166387081
0.056282912380993366
0.05707630421966314
0.04910304490476847
0.049230389297008514
0.040856273379176855
0.040888804476708174
0.04192266799509525
0.039485946064814925
0.03843746171332896
0.0378117507789284
0.034528476651757956
0.0323104253038764
0.033056718995794654
0.038168976781889796
0.0318498476408422
0.03287570085376501
0.033048275858163834
0.030970169696956873
0.030804056907072663
0.030115462373942137
0.03093299688771367
0.02932150289416313
0.027029183926060796
0.028396024368703365
0.027640771819278598
0.0292578162625432
0.028667812002822757
0.027132167713716626
0.02644846821203828
0.02464267471805215
0.026361566968262196
0.029618829721584916
0.02739915926940739
0.02688178513199091
0.025467591360211372
0.026873955503106117
0.02495850156992674
0.022857269970700145
0.025396982207894325
0.022850912995636463
0.023830587277188897
0.02355938614346087
0.027817394803552067
0.025450830183484974
0.02444028722889283
0.02379998772898141
0.023627449922701892
0.02472330564085175
0.024720691254033762
0.023205271867268226
0.023278511731940156
0.02249360495411298
0.02373875502277823
0.022840244147707436
0.02426844528492759
0.02245699499240693
0.022461412364945692
0.022836041143711877
0.019630563774091357
0.02044429224641884
0.021269644610583782
0.02013836894184351
0.02172579534132691
0.019787573858219033
0.020898641963653704
0.019863640999092776
0.01952897833988947
0.01918201000594041
0.018738133558893904
0.019362067146336332
0.020460179513868165
0.020536924109739417
0.020081830923171604
0.01809006545911817
0.019311073071816388
0.01899478305131197
0.019108889240990665
0.01854061264106456
0.01873502502327456
0.021963812246480408
0.01826448639964356
0.019883426344569993
0.017880565596415716
0.018605853047441032
0.018861895974944618
0.017843054990996334
0.018680274924811197
0.016947728033889744
0.018318052951465633
0.01799613023724626
0.01692409238175434
0.018693703610230896
0.018095278126351973
0.01815305814585265
0.01842289253631059
0.017150612164507893
0.016919963171376902
0.01927646452232319
0.018123745315653438
0.01779057890834177
0.016997810124474412
0.017675050369956914
0.018199272015515494
0.016691195723765036
0.01696735045270008
0.018351940328583997
0.017437873901251483
0.017534045009490323
0.018160108093391445
0.018558882669929194
0.017258920652024886
0.01730288707596414
0.017947706448681214
0.01782003729878103
0.01768098705831696
0.01681172403999988
0.017428482663543785
0.017631062525598443
0.017599034616175818
0.017486043877023107
0.01731318821582724
0.01716730573817211
0.017603095840005314
0.01793888435863397
0.016913475194836363
0.017532443792066154
0.01840990348992979
0.016567126299966786
0.017618926680263353
0.017664229387746137
0.017109555849695906
0.018638244775288245
0.01763961129986188
0.017518947010531145
0.017534374642898056
0.016934731591712025
0.016887306783567455
0.017619611531057778
0.01730101922636523
0.017567117479355895
0.017471820883014622
0.017476838355993524
