0
95.081324822591
95.53640216790473
95.60745047566192
95.99870947073181
96.3682799367525
96.42997031634015
96.0644756157661
96.11869824061215
96.42060187697919
96.29903655147673
96.11392410583848
96.21209337785524
96.77310520625801
96.6633611925682
96.72211514280048
96.58809886654844
96.7765777080296
96.54900691583316
96.62258212283541
96.41259592366153
96.38216320113773
96.49851552781085
96.57260783799056
96.55265489341025
96.52725117112035
96.5108991434394
96.63543488915549
96.55195086721204
96.48919740024806
