0
94.80088749608758
95.473531803888
96.05045767832728
95.80985330267819
96.16268321641445
96.12845768518599
96.47213748262614
96.57534390345143
96.47398446562079
96.6691202378286
96.27112798643552
96.64967974847093
96.39624992391663
96.47779385357425
96.83901440798657
96.62469452214036
96.54264830135743
96.53109245345406
96.58339641606317
96.51730435339249
96.49359308013202
96.56480586290003
96.54690573050244
96.4886046153094
96.5531733608225
96.55279209526535
96.56781091391696
96.45284667003287
96.51867102229326
