0.3989599347114563
0.11955223232507706
0.07921595219522715
0.0673914086073637
0.06408498948439956
0.05390980653464794
0.045403045136481524
0.050066952127963305
0.042610757518559694
0.04300688276998699
0.045113216852769256
0.037832887610420585
0.038341036066412926
0.03806766774505377
0.03550933767110109
0.04353199736215174
0.03938961960375309
0.03501700074411929
0.03294612723402679
0.03248525247909129
0.031482669059187174
0.033413216937333345
0.03138842713087797
0.033775131450966
0.02896890975534916
0.03026752290315926
0.02635542582720518
0.0329820797778666
0.02812794060446322
0.02962998324073851
0.02732193423435092
0.02668844349682331
0.026571211637929082
0.027155386516824365
0.028116444125771523
0.027484516380354762
0.026154808467254043
0.02808393514715135
0.026121355360373855
0.02596816956065595
0.02422732673585415
0.023732196306809783
0.025189245585352182
0.024383216630667448
0.024527369299903512
0.027068881756242585
0.028167050112696254
0.02573598932255717
0.024812032523400643
0.025996562860467854
0.023122064002296504
0.023610123597523746
0.023699404671788216
0.023548521101474762
0.022808223524514365
0.022390756591716233
0.022298729814150754
0.0220559620681931
0.02236304191105506
0.0224408166592612
0.024190803496714902
0.023197214995675227
0.02400194513885414
0.021981481298366013
0.021631324389839873
0.023689989877097747
0.02071935458875754
0.02000866879654281
0.019572520190302062
0.01964087992468301
0.02169379832990029
0.020909797893289256
0.019171021659584606
0.019474799470866427
0.019122788682579994
0.01819831280804732
0.019964444122331983
0.01880645379424095
0.01846035076853107
0.01805456481216585
0.01876171793350402
0.018104486057863516
0.019091574036899733
0.019029507796992275
0.01879859436303377
0.01924480514272171
0.019316436942009366
0.018475386861930874
0.018884215832633132
0.017567883464781678
0.01850923862965668
0.018376979593406704
0.018004491213051713
0.018204562585143483
0.01812416747869814
0.017856501042842865
0.018186404041069394
0.01923740967450773
0.01847431490964749
0.01703952986966161
0.018408226397107628
0.017429700176067212
0.01725252021980636
0.0172768796191496
0.01719632202430683
0.016979681547073758
0.017190707409206557
0.017374086522442454
0.01728727843831567
0.0178121199064395
0.018992845516871002
0.017383007716168377
0.018594757215503382
0.01705253710422446
0.01760427637354416
0.017333115560605246
0.017004273010089117
0.01722068487502196
0.017220635186223424
0.016947339343674043
0.018199961577706477
0.017609104952391458
0.018714026547968388
0.01827747582951013
0.017993657301892254
0.01710132958696169
0.01665592204560252
0.018143310978570405
0.01775598120601738
0.017420247251934865
0.018080412629334366
0.016719952773521927
0.016711720210664412
0.017587497611256206
0.017668362706899643
0.016828834900961202
0.018402170773376438
0.018996794598505777
0.018897768438738936
0.017316380186992532
0.017396765925428447
0.017776924623724294
0.016765154240762487
0.01741895276833983
0.01895628814749858
